   25  88
   0  6  2  4  7  20  21  3  8  18  15  14  12  5  23  17  24  10  19  9  13  1  16  11  22
   0  21  2  7  3  13  1  4  8  19  17  23  12  20  11  10  22  15  9  18  5  6  24  14  16
   1  8  14  24  19  12  3  11  22  2  18  4  16  15  20  21  23  0  17  9  6  10  13  7  5
   1  9  5  2  14  3  10  16  17  0  20  8  12  7  18  23  13  11  4  22  6  19  21  24  15
   1  20  5  21  8  10  24  7  17  15  16  13  12  18  0  4  11  6  2  19  22  14  3  23  9
   2  13  8  23  11  15  5  14  0  7  1  19  12  10  9  6  16  21  3  4  17  20  22  18  24
   2  20  8  14  23  10  13  11  0  4  21  18  12  17  19  1  22  6  7  3  15  5  24  9  16
   3  2  11  17  4  8  10  15  9  5  20  1  12  24  14  22  23  0  18  13  6  16  7  21  19
   3  16  8  15  14  4  10  18  12  13  2  22  5  7  21  19  1  23  20  24  11  6  9  0  17
   3  19  11  18  16  7  8  20  9  14  2  4  12  15  24  21  1  23  22  6  0  13  17  10  5
   4  5  14  13  19  17  9  24  18  21  11  15  12  0  7  2  10  1  23  16  3  8  20  22  6
   4  8  14  24  13  0  5  19  18  16  1  22  12  3  15  11  20  2  21  23  17  9  6  7  10
   5  3  17  8  18  11  6  24  1  2  10  0  12  23  4  19  15  9  14  16  20  7  13  22  21
   5  7  13  10  6  9  17  0  23  21  20  15  16  4  18  2  22  11  3  12  19  24  14  8  1
   5  10  17  13  0  6  22  23  1  21  24  15  12  4  2  14  9  20  8  7  16  18  11  19  3
   5  10  21  17  14  3  20  1  19  22  2  9  13  11  4  23  24  18  8  0  16  15  6  12  7
   5  17  14  19  10  24  2  0  6  13  23  11  1  12  20  3  4  21  7  16  18  22  15  9  8
   5  20  13  11  14  3  16  1  10  7  15  19  24  4  23  17  0  6  18  2  22  21  12  8  9
   6  10  16  4  3  20  9  23  2  18  0  15  13  14  21  5  17  22  24  7  1  11  19  12  8
   6  17  7  10  19  2  15  8  22  13  11  12  1  3  23  18  0  5  24  9  21  20  16  4  14
   6  19  3  2  13  21  7  16  10  24  22  14  1  20  15  0  17  5  9  12  18  23  4  11  8
   6  22  20  8  3  16  23  1  10  2  7  0  12  15  11  21  18  24  9  17  19  13  14  5  4
   6  23  20  3  1  19  13  8  10  9  21  11  12  16  5  24  4  7  17  2  15  22  18  0  14
   7  12  6  15  16  0  8  18  24  23  4  11  13  9  2  22  19  1  20  3  14  17  21  10  5
   7  13  23  24  20  15  4  2  19  16  18  22  12  5  10  17  3  21  6  0  14  1  9  8  11
   7  18  23  9  22  4  8  5  19  11  2  3  12  10  16  6  21  14  24  1  0  20  15  17  13
   7  24  15  18  13  0  4  1  23  5  3  17  19  2  22  11  12  6  14  20  10  9  16  8  21
   8  9  15  22  18  16  7  21  4  3  20  12  1  11  23  13  6  0  2  24  10  19  14  17  5
   8  10  0  18  19  6  15  9  2  14  13  4  12  1  7  5  16  20  23  11  21  17  22  3  24
   8  11  4  23  18  12  9  5  17  0  15  20  1  14  22  24  10  16  7  21  13  2  3  19  6
   8  12  19  11  1  7  24  22  17  5  21  14  13  15  0  18  2  23  9  20  3  4  16  10  6
   8  15  0  19  9  21  17  18  2  23  5  7  12  6  3  20  24  13  11  14  1  10  16  4  22
   8  17  5  19  11  24  7  15  1  0  16  21  2  22  20  14  18  9  6  13  23  3  4  10  12
   9  0  3  5  18  2  20  13  11  1  6  17  12  16  4  24  7  8  14  21  10  22  19  15  23
   9  8  12  21  22  2  18  6  0  17  23  4  24  19  15  7  10  1  16  3  14  11  13  20  5
   9  12  21  22  2  7  24  18  0  6  16  1  5  20  13  10  17  8  4  23  11  19  14  3  15
   9  21  10  5  13  1  20  16  7  14  11  4  19  23  8  18  24  6  0  17  22  2  3  12  15
   9  23  3  14  22  19  2  6  11  4  0  18  12  13  16  15  17  7  24  10  8  21  5  20  1
   10  7  6  9  17  23  21  2  20  11  15  3  12  22  1  16  18  19  5  0  13  24  14  8  4
   10  20  8  4  3  15  0  19  24  6  1  21  23  12  13  11  2  16  9  22  5  14  17  7  18
   10  24  6  2  9  22  7  17  20  0  19  8  12  13  3  15  14  16  11  5  23  21  4  1  18
   11  7  9  4  24  23  0  10  3  18  8  14  12  21  22  13  5  19  16  20  2  15  1  6  17
   11  8  9  1  14  0  6  21  3  17  10  5  12  22  18  16  19  2  4  15  20  24  23  13  7
   12  10  4  3  23  13  6  9  18  14  20  22  2  21  16  0  1  15  7  24  11  19  5  17  8
   12  14  20  21  1  11  18  15  6  10  4  2  22  3  8  24  23  9  17  0  13  5  19  7  16
   13  16  15  23  10  24  18  3  21  7  14  19  12  2  6  8  5  22  20  9  4  0  1  11  17
   13  17  15  20  0  1  24  14  21  6  16  10  12  3  2  11  19  5  8  4  22  9  23  18  7
   14  0  18  22  15  2  17  7  4  24  5  16  12  11  21  9  10  8  13  19  1  3  20  23  6
   14  4  16  20  21  9  24  5  0  18  23  3  1  12  11  13  22  8  15  2  19  10  7  17  6
   14  17  18  15  7  1  3  22  4  13  9  21  12  2  23  8  6  5  19  24  11  0  10  16  20
   15  1  21  10  2  5  22  18  13  20  24  6  12  11  8  9  7  17  0  14  16  3  19  4  23
   15  3  14  19  11  23  4  8  17  10  13  20  5  1  16  6  0  18  24  7  2  22  21  12  9
   15  12  3  2  22  17  0  6  24  18  8  23  19  4  11  14  7  16  20  1  13  5  10  21  9
   15  16  12  3  2  22  6  18  24  7  1  20  0  5  9  17  14  23  8  21  10  13  11  4  19
   15  24  21  19  6  22  4  11  13  23  18  7  12  8  20  0  17  16  10  3  14  2  5  9  1
   16  7  19  5  13  0  17  9  23  24  8  3  22  2  4  10  6  15  18  11  1  21  20  14  12
   16  9  24  5  15  3  7  6  22  1  19  17  12  18  21  4  0  11  13  10  23  14  8  20  2
   16  12  5  13  23  17  0  2  7  19  3  10  11  9  24  6  22  1  15  4  21  20  8  14  18
   16  13  20  1  6  12  15  19  7  24  9  4  23  10  2  0  14  8  17  3  11  22  21  5  18
   16  14  24  6  5  18  9  15  22  10  11  20  12  23  17  19  8  4  1  13  3  7  2  21  0
   16  15  9  2  6  8  17  3  20  21  4  12  23  13  1  11  18  24  22  0  14  5  10  7  19
   17  0  9  6  11  24  20  23  1  19  21  7  5  22  2  13  12  18  10  4  14  15  8  16  3
   17  6  1  15  2  20  16  19  5  13  22  21  12  14  8  18  3  10  0  23  24  4  9  7  11
   17  11  1  0  4  9  20  22  5  8  6  2  12  19  14  7  21  3  18  24  10  23  15  16  13
   17  12  18  9  8  24  16  6  0  1  20  13  11  15  22  2  5  23  4  21  10  7  3  14  19
   18  1  4  21  23  5  11  16  14  15  3  13  12  8  19  0  20  17  7  22  9  2  6  24  10
   18  2  4  16  21  8  1  23  14  22  17  24  12  9  13  3  6  0  15  7  5  11  10  19  20
   18  5  21  22  11  3  17  8  14  0  2  10  23  4  9  24  7  19  15  12  6  1  20  13  16
   18  7  17  14  5  22  9  16  2  11  13  12  23  21  1  6  24  19  0  15  3  4  8  20  10
   18  14  8  20  21  4  15  1  22  6  24  9  11  10  3  19  7  2  0  17  23  13  5  12  16
   19  4  11  13  10  21  8  23  14  17  9  5  0  20  1  7  24  18  6  22  2  3  12  16  15
   19  7  10  5  14  0  22  24  18  11  1  13  23  12  4  21  20  3  17  8  6  2  9  15  16
   19  14  3  7  10  21  4  23  5  2  22  15  11  13  20  1  0  6  16  24  8  9  18  12  17
   19  14  7  11  24  18  2  1  23  3  0  9  12  20  22  10  15  4  16  17  8  6  13  5  21
   19  17  11  14  18  15  7  24  1  3  4  9  8  20  6  22  2  13  21  12  5  0  10  16  23
   19  21  7  16  6  13  18  0  23  22  14  24  12  1  20  5  9  15  10  8  4  17  11  2  3
   20  16  10  0  11  24  19  5  6  8  23  2  12  21  9  13  4  22  3  1  7  15  18  17  14
   20  19  10  11  5  7  15  0  6  3  13  9  12  24  17  22  14  23  1  8  21  16  4  2  18
   21  5  13  6  8  17  16  4  15  10  22  20  12  9  0  3  23  1  2  18  24  11  7  14  19
   21  8  16  9  10  20  14  6  12  11  22  2  19  17  3  5  23  1  4  0  13  18  15  24  7
   21  22  13  7  20  16  14  9  15  19  4  23  12  0  10  2  1  24  6  11  18  8  17  3  5
   22  4  16  10  1  14  11  13  24  20  3  6  12  7  5  23  2  18  17  21  9  19  0  15  8
   22  11  16  1  13  9  19  10  24  17  23  5  12  14  15  18  8  3  21  20  7  4  2  6  0
   23  4  19  3  16  14  0  17  7  9  8  11  12  6  24  20  13  18  22  5  2  10  21  1  15
   23  15  19  22  10  21  14  8  7  24  4  16  12  17  6  1  11  13  20  2  18  5  3  0  9
   23  16  10  0  5  12  21  13  2  22  6  20  8  9  4  3  1  24  7  15  18  14  11  17  19
   24  3  22  17  21  11  23  20  16  5  7  1  12  4  13  14  2  9  15  6  19  18  0  10  8
   24  18  22  20  17  4  3  21  16  6  9  10  12  19  1  7  0  14  5  15  11  23  8  13  2
