   27  204
   0  2  6  14  1  4  10  22  17  7  16  5  12  26  25  23  19  11  24  21  15  3  8  18  9  20  13
   0  2  18  11  22  4  24  19  9  15  12  26  10  14  1  8  13  7  20  21  17  16  25  5  3  6  23
   0  4  1  21  5  11  2  9  22  24  6  17  12  26  3  20  10  8  23  16  25  19  7  15  18  14  13
   0  7  21  17  15  4  22  16  13  18  11  19  25  24  6  9  10  26  2  14  1  20  12  23  8  3  5
   0  14  1  24  5  23  25  17  15  8  12  3  10  16  13  9  21  20  2  7  18  19  4  26  6  22  11
   0  20  18  25  5  26  14  1  24  15  16  10  22  8  19  4  7  3  9  11  21  2  6  23  13  12  17
   0  24  18  4  3  11  9  15  25  6  17  5  22  26  23  7  20  10  2  21  16  19  12  14  1  8  13
   1  2  13  11  20  4  17  19  25  15  3  26  23  14  0  8  18  7  22  21  24  16  9  5  12  6  10
   1  7  25  21  9  2  10  5  19  3  13  14  17  26  24  18  0  4  16  23  15  20  6  22  12  11  8
   1  16  13  11  6  18  17  19  25  15  3  12  23  0  14  22  4  7  8  21  10  2  9  5  26  20  24
   1  19  2  7  22  6  9  4  0  8  12  21  20  26  17  15  3  24  13  14  16  10  23  5  25  11  18
   1  19  16  7  8  20  9  18  14  22  26  21  6  12  17  15  3  10  13  0  2  24  23  5  25  11  4
   1  23  15  3  13  6  4  12  11  0  5  17  26  2  21  7  18  8  14  10  25  22  24  9  16  19  20
   1  23  15  3  13  20  18  26  11  14  5  17  12  16  21  7  4  22  0  24  25  8  10  9  2  19  6
   1  24  7  12  2  22  11  4  18  19  17  21  13  0  26  3  20  15  25  5  16  23  9  8  10  6  14
   2  6  0  21  17  24  16  5  18  19  22  4  12  26  3  14  23  11  1  7  9  8  20  15  13  10  25
   2  8  0  7  12  14  18  3  1  19  10  24  4  16  5  26  13  23  6  9  25  22  21  17  11  20  15
   2  14  5  9  17  7  8  1  12  18  20  25  10  24  11  6  4  26  15  22  21  3  23  19  0  16  13
   2  16  5  18  17  15  21  25  19  26  10  11  4  22  13  1  9  6  8  23  0  3  14  24  20  12  7
   2  18  0  14  11  7  1  19  21  20  25  17  12  24  15  23  6  4  8  9  22  3  10  16  5  26  13
   2  19  26  5  10  24  11  21  20  23  14  12  18  0  25  8  1  22  17  3  16  6  7  4  13  15  9
   2  23  9  25  19  14  12  22  13  0  7  3  21  18  20  1  4  24  8  16  5  6  10  15  26  11  17
   3  2  6  22  24  15  10  11  14  20  25  21  13  0  26  19  8  16  23  5  17  7  1  12  9  18  4
   3  6  23  21  1  24  9  5  20  19  13  4  25  26  2  14  0  11  17  7  16  8  18  15  22  10  12
   3  16  20  8  10  15  24  11  0  6  25  21  13  14  12  19  22  2  23  5  17  7  1  26  9  4  18
   3  20  23  21  1  10  9  5  6  19  13  18  25  12  16  0  14  11  17  7  2  22  4  15  8  24  26
   4  11  25  5  23  24  2  0  13  10  3  15  17  12  6  21  26  22  14  18  9  20  8  7  16  19  1
   4  12  10  24  19  3  21  23  17  6  5  1  2  22  7  11  20  26  14  25  0  15  8  18  9  16  13
   4  14  10  3  2  24  12  15  21  23  8  22  26  18  9  16  13  11  20  25  5  0  17  1  19  6  7
   4  18  9  12  1  7  17  5  23  16  8  19  26  0  13  21  25  20  14  11  10  15  24  22  6  2  3
   4  20  10  17  1  22  18  9  12  23  0  26  2  16  15  24  11  19  21  3  25  14  6  7  13  8  5
   4  24  9  25  1  3  14  21  2  12  6  5  8  22  19  20  26  16  7  0  17  15  11  23  10  18  13
   5  3  8  23  12  20  1  14  2  26  10  9  6  24  25  19  11  18  13  16  22  4  15  17  21  7  0
   5  3  22  23  26  6  1  0  16  12  24  9  20  10  25  19  11  4  13  2  8  18  15  17  21  7  14
   5  8  13  7  6  14  25  3  21  19  11  24  15  16  2  26  0  23  12  9  18  22  1  17  10  20  4
   5  9  22  12  15  0  10  19  14  1  6  25  3  26  8  4  18  24  16  7  23  21  2  20  17  11  13
   5  15  19  11  13  6  0  24  7  16  17  25  10  22  9  23  14  12  2  18  21  26  4  1  8  3  20
   5  15  19  11  13  20  14  10  7  2  17  25  24  8  9  23  0  26  16  4  21  12  18  1  22  3  6
   5  22  13  7  20  0  25  3  21  19  11  10  15  2  16  12  14  23  26  9  4  8  1  17  24  6  18
   6  3  22  1  18  12  21  4  16  26  0  23  9  8  24  25  17  2  7  10  14  20  13  11  19  15  5
   6  4  17  5  25  11  15  18  13  2  1  22  16  26  19  21  8  20  0  14  10  7  12  23  24  3  9
   6  7  10  17  2  4  1  16  12  18  8  19  5  24  0  9  21  26  15  14  22  20  13  23  11  3  25
   6  11  26  5  14  24  9  0  8  10  16  15  1  12  4  21  25  22  23  18  2  20  13  7  3  19  17
   6  15  14  21  26  16  17  12  4  2  24  11  25  0  8  5  1  18  3  22  10  20  13  19  23  7  9
   6  19  2  9  10  8  25  24  0  22  4  7  21  16  12  17  5  14  11  26  18  20  13  3  15  23  1
   6  23  18  25  22  0  5  8  24  14  12  3  17  4  16  1  9  10  19  2  26  20  13  15  7  11  21
   7  6  19  1  17  0  5  25  20  11  13  16  9  18  26  22  8  23  21  15  12  24  2  3  10  14  4
   7  12  20  24  14  3  0  23  8  6  9  1  13  22  4  11  10  26  19  25  21  15  17  18  5  16  2
   7  20  19  1  17  14  5  25  6  11  13  2  9  4  12  8  22  23  21  15  26  10  16  3  24  0  18
   7  22  18  21  26  15  16  8  14  24  2  4  17  0  20  5  9  6  1  12  11  19  13  3  25  23  10
   7  26  6  10  0  3  14  23  22  20  9  1  13  8  18  11  24  12  19  25  21  15  17  4  5  2  16
   8  0  2  16  7  23  5  3  9  6  21  25  10  18  19  15  20  14  26  1  12  11  4  22  17  24  13
   8  11  12  22  6  20  15  23  16  4  0  18  24  26  17  14  13  3  19  5  10  2  9  21  25  7  1
   8  15  1  21  3  16  10  12  13  2  23  11  9  0  6  5  14  18  26  22  17  20  4  19  24  7  25
   8  16  17  1  25  23  26  5  10  0  6  21  4  18  7  20  14  24  19  12  9  11  15  3  2  22  13
   8  20  2  9  25  18  22  17  0  3  12  14  10  24  11  16  15  7  5  23  1  26  6  19  13  4  21
   8  22  17  0  25  19  9  21  3  24  4  7  14  12  13  5  1  20  26  15  2  11  16  18  6  10  23
   8  26  2  23  10  16  0  11  5  3  4  18  14  22  17  24  13  15  20  1  21  12  9  25  7  6  19
   9  0  13  3  6  10  5  15  17  23  19  8  7  4  18  2  24  11  16  25  26  14  21  1  22  20  12
   9  3  24  23  12  7  10  14  0  20  8  21  19  26  16  22  1  2  13  18  15  11  25  5  17  4  6
   9  7  23  19  13  6  24  8  3  4  1  5  22  14  25  11  10  16  18  26  17  2  12  21  0  15  20
   9  7  23  19  13  20  10  22  3  18  1  5  8  0  25  11  24  2  4  12  17  16  26  21  14  15  6
   9  14  13  3  20  24  5  15  17  23  19  22  7  18  4  16  10  11  2  25  12  0  21  1  8  6  26
   9  15  0  11  16  20  21  10  18  2  22  25  6  8  5  23  19  26  13  4  14  12  7  1  17  3  24
   9  15  13  4  7  6  16  3  17  22  1  8  25  0  18  12  14  23  20  21  11  24  10  5  26  19  2
   9  15  14  11  2  6  21  24  4  16  8  25  20  22  5  23  19  12  13  18  0  26  7  1  17  3  10
   10  3  17  1  7  26  0  18  13  12  19  23  5  22  20  25  8  16  4  24  21  6  2  11  14  15  9
   10  4  12  19  0  26  22  23  25  7  2  16  8  24  21  14  13  3  6  17  1  18  5  9  15  20  11
   10  6  12  5  9  16  24  21  22  7  18  8  0  14  23  26  3  15  25  19  17  4  20  11  13  2  1
   10  9  3  23  6  22  2  17  20  8  25  15  4  0  14  26  1  24  16  21  18  5  7  11  19  12  13
   10  22  12  26  15  19  25  7  5  20  1  9  0  16  11  3  6  8  4  17  18  23  2  24  21  14  13
   10  23  25  3  13  19  11  12  1  6  9  5  20  0  17  4  2  24  14  8  16  15  26  21  18  22  7
   10  24  21  22  9  11  5  1  7  14  2  15  8  18  13  25  17  6  4  3  12  23  26  16  20  0  19
   10  26  21  17  9  19  4  25  0  22  20  1  2  16  15  6  8  14  11  18  5  23  3  7  12  24  13
   11  6  15  9  5  4  1  17  20  3  13  0  21  10  22  2  16  7  25  23  8  12  14  19  26  18  24
   11  8  20  12  18  19  4  7  16  6  21  9  13  2  24  3  26  22  15  17  25  23  5  10  1  0  14
   11  16  9  23  21  7  18  2  6  19  8  15  12  0  1  3  26  25  17  4  22  5  14  24  20  10  13
   11  20  15  9  5  18  1  17  6  3  13  14  21  24  8  16  2  7  25  23  22  26  0  19  12  4  10
   11  22  6  26  4  19  18  7  2  20  21  9  13  16  10  3  12  8  15  17  25  23  5  24  1  14  0
   12  8  25  5  21  15  10  17  18  16  6  9  0  14  23  20  2  4  3  24  1  7  19  11  22  26  13
   12  10  22  15  18  8  16  7  17  11  0  14  2  26  25  4  13  19  20  5  9  24  1  21  23  6  3
   12  16  22  8  23  15  17  11  1  6  9  21  18  14  3  19  20  2  10  5  24  7  0  26  25  4  13
   12  19  5  9  11  8  18  24  13  22  15  7  1  16  6  17  2  14  10  26  25  20  0  3  4  23  21
   12  20  16  18  17  3  10  21  1  11  6  23  0  26  13  5  9  7  8  22  15  4  24  14  19  2  25
   12  20  22  1  21  14  26  25  16  11  24  2  18  4  7  8  19  23  17  15  5  10  6  3  13  0  9
   12  26  25  16  21  3  1  9  11  4  0  23  2  24  13  17  5  20  10  19  22  7  8  14  6  18  15
   13  0  4  15  7  19  25  2  23  22  24  6  3  12  26  17  20  10  8  9  16  11  5  21  1  18  14
   13  0  21  10  16  23  4  17  18  22  20  3  11  2  14  9  1  6  5  7  25  19  15  12  26  8  24
   13  2  9  4  22  15  14  25  0  12  6  11  7  8  16  1  5  20  17  23  21  3  19  10  24  26  18
   13  2  14  19  23  3  21  8  15  12  18  20  11  10  24  25  6  4  26  1  22  7  17  9  5  0  16
   13  4  24  23  11  15  17  14  7  2  12  6  19  8  22  5  20  26  16  21  0  3  1  25  9  10  18
   13  4  25  26  0  7  24  5  10  2  20  19  3  14  18  21  9  6  1  11  17  15  23  8  22  16  12
   13  6  17  8  18  23  11  5  2  15  7  3  1  0  14  21  10  19  9  4  16  22  25  12  20  24  26
   13  8  1  14  12  19  16  21  2  10  20  7  23  26  22  5  17  6  25  15  9  11  3  4  18  24  0
   13  8  16  3  15  11  9  26  19  10  0  6  7  4  18  21  20  14  24  5  12  23  25  1  17  2  22
   13  10  17  8  18  11  26  1  12  0  6  15  19  4  24  25  21  20  9  3  5  23  7  2  16  14  22
   13  10  20  24  14  5  22  4  17  25  26  3  1  0  12  15  8  19  6  2  18  7  21  23  9  16  11
   13  10  26  7  3  23  5  4  11  0  22  20  15  2  16  1  6  8  14  25  18  19  9  17  21  12  24
   13  11  17  20  2  21  23  7  16  24  18  4  8  26  3  25  6  1  14  19  10  0  15  12  22  9  5
   13  12  5  2  24  3  8  9  22  18  20  23  15  10  26  17  25  6  21  19  1  7  11  0  14  4  16
   13  12  8  11  19  7  1  10  3  18  16  6  23  0  14  9  20  2  4  17  24  15  21  5  25  22  26
   13  12  19  11  7  5  18  21  16  24  1  26  14  0  4  15  25  8  20  17  2  22  6  23  3  9  10
   13  14  7  15  19  21  8  5  10  2  25  0  12  26  22  11  1  18  6  9  24  4  20  3  23  17  16
   13  14  18  15  7  19  25  16  23  8  10  20  3  26  12  17  6  24  22  9  2  11  5  21  1  4  0
   13  14  21  24  2  23  18  17  4  8  6  3  11  16  0  9  1  20  5  7  25  19  15  26  12  22  10
   13  15  9  6  24  5  3  19  10  2  8  22  18  0  23  1  20  25  12  7  16  26  11  14  4  17  21
   13  16  0  19  23  3  21  22  15  26  4  6  11  24  10  25  20  18  12  1  8  7  17  9  5  14  2
   13  16  6  2  12  21  4  22  9  1  0  23  25  26  14  11  18  7  20  24  8  19  5  3  17  10  15
   13  16  9  18  8  15  0  25  14  26  20  11  7  22  2  1  5  6  17  23  21  3  19  24  10  12  4
   13  18  10  23  11  15  17  0  7  16  26  20  19  22  8  5  6  12  2  21  14  3  1  25  9  24  4
   13  18  25  12  14  7  10  5  24  16  6  19  3  0  4  21  9  20  1  11  17  15  23  22  8  2  26
   13  20  9  18  8  3  15  21  24  11  19  23  25  26  12  5  16  7  17  22  10  4  1  14  6  2  0
   13  22  1  0  26  19  2  21  16  24  6  7  23  12  8  5  17  20  25  15  9  11  3  18  4  10  14
   13  22  2  3  15  11  9  12  19  24  14  20  7  18  4  21  6  0  10  5  26  23  25  1  17  16  8
   13  24  12  7  3  23  5  18  11  14  8  6  15  16  2  1  20  22  0  25  4  19  9  17  21  26  10
   13  24  17  22  4  11  12  1  26  14  20  15  19  18  10  25  21  6  9  3  5  23  7  16  2  0  8
   13  26  5  16  10  3  22  9  8  4  6  23  15  24  12  17  25  20  21  19  1  7  11  14  0  18  2
   13  26  22  11  19  7  1  24  3  4  2  20  23  14  0  9  6  16  18  17  10  15  21  5  25  8  12
   14  0  1  10  5  23  25  17  15  22  26  3  24  2  13  9  21  6  16  7  4  19  18  12  20  8  11
   14  6  4  25  5  12  0  1  10  15  2  24  8  22  19  18  7  3  9  11  21  16  20  23  13  26  17
   14  6  10  8  9  23  16  5  25  15  20  3  26  0  13  21  17  19  18  4  11  22  2  12  7  24  1
   14  7  21  17  15  18  8  2  13  4  11  19  25  10  20  9  24  12  16  0  1  6  26  23  22  3  5
   14  10  4  18  3  11  9  15  25  20  17  5  8  12  23  7  6  24  16  21  2  19  26  0  1  22  13
   14  16  4  11  8  18  10  19  9  15  26  12  24  0  1  22  13  7  6  21  17  2  25  5  3  20  23
   14  18  1  21  5  11  16  9  8  10  20  17  26  12  3  6  24  22  23  2  25  19  7  15  4  0  13
   15  4  20  0  22  7  8  19  24  6  5  17  13  10  16  23  14  18  11  9  1  3  21  2  25  12  26
   15  6  11  17  21  8  25  9  20  23  13  12  5  2  18  10  24  19  1  3  4  0  26  7  14  22  16
   15  10  17  3  5  19  8  24  20  7  18  11  14  26  25  23  0  1  9  22  4  21  12  2  6  16  13
   15  18  6  14  8  7  22  19  10  20  5  17  13  24  2  23  0  4  11  9  1  3  21  16  25  26  12
   15  20  11  17  21  22  25  9  6  23  13  26  5  16  4  24  10  19  1  3  18  14  12  7  0  8  2
   16  0  5  9  17  7  22  1  26  4  6  25  24  10  11  20  18  12  15  8  21  3  23  19  14  2  13
   16  2  5  4  17  15  21  25  19  12  24  11  18  8  13  1  9  20  22  23  14  3  0  10  6  26  7
   16  3  1  23  13  7  15  14  25  20  17  21  6  26  9  22  24  2  12  18  10  11  0  5  8  4  19
   16  4  14  0  11  7  1  19  21  6  25  17  26  10  15  23  20  18  22  9  8  3  24  2  5  12  13
   16  17  23  3  20  4  24  9  6  18  1  11  22  26  12  0  25  2  10  5  8  21  19  15  7  14  13
   16  20  14  21  17  10  2  5  4  19  8  18  26  12  3  0  23  11  1  7  9  22  6  15  13  24  25
   16  22  14  7  26  0  4  3  1  19  24  10  18  2  5  12  13  23  20  9  25  8  21  17  11  6  15
   16  23  9  25  19  0  26  8  13  14  7  3  21  4  6  1  18  10  22  2  5  20  24  15  12  11  17
   17  11  12  15  24  20  5  2  22  10  18  1  6  4  21  3  7  14  13  8  26  0  19  25  9  23  16
   17  11  13  22  19  20  10  23  9  4  25  18  1  26  8  14  12  3  6  5  15  2  16  21  0  7  24
   17  11  26  15  10  6  5  16  8  24  4  1  20  18  21  3  7  0  13  22  12  14  19  25  9  23  2
   17  12  13  23  6  2  21  11  9  3  7  4  19  8  22  10  16  15  24  1  14  26  5  25  18  20  0
   17  19  3  7  13  6  16  4  23  8  25  21  18  26  1  15  2  24  22  14  9  10  0  5  12  11  20
   17  19  3  7  13  20  2  18  23  22  25  21  4  12  1  15  16  10  8  0  9  24  14  5  26  11  6
   17  23  2  3  14  19  16  12  26  6  18  5  7  0  10  4  25  24  13  8  11  15  1  21  9  22  20
   17  26  13  23  20  16  21  11  9  3  7  18  19  22  8  24  2  15  10  1  0  12  5  25  4  6  14
   18  0  24  3  16  10  26  15  21  23  22  8  12  4  9  2  13  11  6  25  5  14  17  1  19  20  7
   18  4  9  26  1  7  17  5  23  2  22  19  12  14  13  21  25  6  0  11  24  15  10  8  20  16  3
   18  6  24  17  1  8  4  9  26  23  14  12  16  2  15  10  11  19  21  3  25  0  20  7  13  22  5
   18  10  9  25  1  3  0  21  16  26  20  5  22  8  19  6  12  2  7  14  17  15  11  23  24  4  13
   18  11  25  5  23  10  16  14  13  24  3  15  17  26  20  21  12  8  0  4  9  6  22  7  2  19  1
   18  15  14  4  20  6  11  3  10  22  26  8  2  0  9  12  13  23  7  21  16  24  17  5  1  19  25
   18  26  24  10  19  3  21  23  17  20  5  1  16  8  7  11  6  12  0  25  14  15  22  4  9  2  13
   19  0  20  16  26  23  12  3  4  6  17  25  13  18  8  15  2  14  7  1  5  11  9  22  21  24  10
   19  4  8  5  0  11  10  18  12  2  24  22  9  26  6  21  17  20  25  14  15  7  13  23  1  3  16
   19  6  7  25  9  12  21  1  20  15  13  24  17  22  14  18  4  3  5  11  0  16  10  23  2  26  8
   19  14  6  2  12  23  26  3  18  20  17  25  13  4  22  15  16  0  7  1  5  11  9  8  21  10  24
   19  20  7  25  9  26  21  1  6  15  13  10  17  8  0  4  18  3  5  11  14  2  24  23  16  12  22
   20  3  8  1  4  26  21  18  2  12  14  23  9  22  10  25  17  16  7  24  0  6  13  11  19  15  5
   20  7  24  17  16  18  1  2  26  4  22  19  5  10  14  9  21  12  15  0  8  6  13  23  11  3  25
   20  11  12  5  0  10  9  14  22  24  2  15  1  26  18  21  25  8  23  4  16  6  13  7  3  19  17
   20  15  0  21  12  2  17  26  18  16  10  11  25  14  22  5  1  4  3  8  24  6  13  19  23  7  9
   20  19  16  9  24  22  25  10  14  8  18  7  21  2  26  17  5  0  11  12  4  6  13  3  15  23  1
   20  22  9  21  1  15  11  8  13  24  25  4  10  0  7  5  18  6  26  12  16  19  14  3  2  23  17
   20  23  4  25  8  14  5  22  10  0  26  3  17  18  2  1  9  24  19  16  12  6  13  15  7  11  21
   21  4  13  19  6  26  1  23  5  7  15  16  11  24  10  14  12  3  0  17  22  18  25  9  2  20  8
   21  11  7  15  13  6  12  16  19  24  9  1  2  18  17  3  26  0  10  22  5  14  8  25  4  23  20
   21  11  7  15  13  20  26  2  19  10  9  1  16  4  17  3  12  14  24  8  5  0  22  25  18  23  6
   21  17  4  14  11  26  16  7  12  25  20  1  23  0  18  22  8  2  10  19  3  5  24  6  9  15  13
   21  18  13  19  20  12  1  23  5  7  15  2  11  10  24  0  26  3  14  17  8  4  25  9  16  6  22
   21  23  4  3  0  20  25  26  10  14  2  17  6  16  1  7  15  22  13  24  18  8  11  9  5  19  12
   21  23  18  3  14  6  25  12  24  0  16  17  20  2  1  7  15  8  13  10  4  22  11  9  5  19  26
   22  2  17  1  25  23  12  5  24  14  20  21  18  4  7  6  0  10  19  26  9  11  15  3  16  8  13
   22  6  16  9  25  4  8  17  14  3  26  0  24  10  11  2  15  7  5  23  1  12  20  19  13  18  21
   22  8  17  14  25  19  9  21  3  10  18  7  0  26  13  5  1  6  12  15  16  11  2  4  20  24  23
   22  12  16  23  24  2  14  11  5  3  18  4  0  8  17  10  13  15  6  1  21  26  9  25  7  20  19
   22  14  16  2  7  23  5  3  9  20  21  25  24  4  19  15  6  0  12  1  26  11  18  8  17  10  13
   22  15  1  21  3  2  24  26  13  16  23  11  9  14  20  5  0  4  12  8  17  6  18  19  10  7  25
   23  6  3  5  25  16  17  21  20  7  13  8  1  14  10  26  12  15  9  19  24  4  22  11  18  2  0
   23  10  6  18  16  11  2  15  26  20  1  5  13  12  14  7  4  24  3  21  9  19  25  0  17  22  8
   23  20  3  5  25  2  17  21  6  7  13  22  1  0  24  12  26  15  9  19  10  18  8  11  4  16  14
   23  24  20  4  2  11  16  15  12  6  1  5  13  26  0  7  18  10  3  21  9  19  25  14  17  8  22
   24  3  17  1  7  12  14  4  13  26  19  23  5  8  6  25  22  2  18  10  21  20  16  11  0  15  9
   24  7  0  21  16  2  15  5  6  3  12  14  8  26  1  18  25  4  9  23  10  20  19  22  13  11  17
   24  8  26  12  15  19  25  7  5  6  1  9  14  2  11  3  20  22  18  17  4  23  16  10  21  0  13
   24  10  21  8  9  11  5  1  7  0  16  15  22  4  13  25  17  20  18  3  26  23  12  2  6  14  19
   24  12  21  17  9  19  18  25  14  8  6  1  16  2  15  20  22  0  11  4  5  23  3  7  26  10  13
   24  18  26  19  14  12  8  23  25  7  16  2  22  10  21  0  13  3  20  17  1  4  5  9  15  6  11
   24  20  26  5  9  2  10  21  8  7  4  22  14  0  23  12  3  15  25  19  17  18  6  11  13  16  1
   25  2  19  14  24  4  15  22  8  7  9  5  13  26  0  23  6  11  1  21  10  3  17  18  16  20  12
   25  3  11  23  13  6  8  0  15  12  21  9  14  10  5  19  22  4  26  2  1  18  16  17  24  7  20
   25  3  11  23  13  20  22  14  15  26  21  9  0  24  5  19  8  18  12  16  1  4  2  17  10  7  6
   25  7  10  19  18  6  17  8  12  4  0  5  20  14  9  11  23  16  13  26  24  2  3  21  1  15  22
   25  7  24  19  4  20  17  22  26  18  14  5  6  0  9  11  23  2  13  12  10  16  3  21  1  15  8
   25  10  13  15  20  8  9  7  1  11  23  14  3  26  12  4  22  19  18  5  16  24  17  21  0  6  2
   25  19  1  5  17  24  16  21  7  23  13  12  9  0  2  8  26  22  10  3  11  6  20  4  14  15  18
   25  24  13  15  6  22  9  7  1  11  23  0  3  12  26  18  8  19  4  5  2  10  17  21  14  20  16
   26  2  8  22  23  15  17  11  1  20  9  21  4  0  3  19  6  16  24  5  10  7  14  12  25  18  13
   26  6  8  1  21  0  12  25  2  11  10  16  4  18  7  22  19  23  17  15  5  24  20  3  13  14  9
   26  12  25  2  21  3  1  9  11  18  14  23  16  10  13  17  5  6  24  19  8  7  22  0  20  4  15
   26  19  5  9  11  22  4  10  13  8  15  7  1  2  20  17  16  0  24  12  25  6  14  3  18  23  21
   26  22  25  5  21  15  24  17  4  2  20  9  14  0  23  6  16  18  3  10  1  7  19  11  8  12  13
   26  24  8  15  4  22  2  7  17  11  14  0  16  12  25  18  13  19  6  5  9  10  1  21  23  20  3
   26  24  20  12  25  22  16  4  9  19  10  21  14  0  1  3  7  15  2  5  11  23  18  8  17  6  13
