   26  56
   0  17  15  25  7  6  19  10  16  23  11  12  21  13  24  18  20  9  5  2  14  4  8  3  22  1
   0  25  19  23  21  18  5  4  22  17  7  10  11  13  20  2  8  1  15  6  16  12  24  9  14  3
   1  5  13  0  3  9  21  16  6  15  4  11  25  24  22  18  10  23  20  14  2  7  17  8  19  12
   1  17  10  21  3  23  18  8  14  11  25  9  13  0  7  12  6  19  20  16  15  24  4  2  5  22
   1  22  3  8  4  14  2  5  9  20  18  24  13  21  12  11  23  16  10  19  6  7  25  15  17  0
   2  5  7  20  4  22  15  13  3  8  19  14  18  6  0  9  10  16  23  12  24  21  17  25  1  11
   2  8  22  23  15  17  11  1  20  9  21  4  0  3  19  6  16  24  5  10  7  14  12  25  18  13
   3  0  20  4  10  1  8  21  23  5  16  11  25  2  19  9  7  22  15  24  18  6  14  17  13  12
   3  14  9  24  12  16  6  15  1  8  2  20  13  11  10  7  17  22  4  5  18  21  23  19  25  0
   3  20  23  21  1  10  9  5  6  19  13  18  25  12  16  0  14  11  17  7  2  22  4  15  8  24
   4  2  7  22  11  19  0  13  1  25  9  8  5  23  24  18  10  17  12  15  21  3  14  16  20  6
   4  19  18  9  1  14  20  7  16  6  11  0  24  10  22  17  2  23  25  5  3  13  21  15  8  12
   5  8  20  16  18  15  4  25  13  19  6  10  2  0  9  24  14  21  3  23  22  7  1  11  12  17
   6  8  1  21  0  12  25  2  11  10  16  4  18  7  22  19  23  17  15  5  24  20  3  13  14  9
   6  20  16  14  3  21  15  12  17  10  18  24  23  5  8  9  25  1  13  0  19  11  22  7  2  4
   7  13  8  11  3  19  24  23  10  17  2  20  4  0  15  12  22  1  18  16  6  25  5  9  21  14
   7  15  19  20  17  2  9  4  25  3  5  16  8  24  23  11  14  1  21  10  0  6  18  12  22  13
   8  13  14  24  18  3  2  22  4  11  1  16  25  23  15  19  6  12  0  21  10  7  9  5  17  20
   9  14  13  3  20  24  5  15  17  23  19  22  7  18  4  16  10  11  2  25  12  0  21  1  8  6
   10  21  5  25  3  18  17  6  1  19  20  8  12  15  9  2  11  7  14  16  24  22  4  23  0  13
   11  1  25  17  21  24  12  23  16  10  9  0  6  18  14  19  8  3  13  15  22  4  20  7  5  2
   11  4  16  20  0  19  9  7  24  3  13  10  25  21  5  23  8  15  2  1  6  22  14  17  12  18
   12  3  13  7  19  25  15  4  24  11  14  2  1  17  9  20  22  0  21  16  23  8  5  6  10  18
   12  7  0  13  11  18  15  20  1  9  19  6  22  25  21  4  16  5  24  14  8  10  2  3  17  23
   12  8  15  21  13  3  5  25  23  2  17  22  10  24  0  11  6  16  7  20  14  1  9  18  19  4
   12  13  17  14  6  18  24  15  22  7  9  19  2  25  11  16  5  23  21  8  1  10  4  20  0  3
   12  19  8  17  7  2  14  20  23  10  18  22  24  25  11  4  15  6  16  21  9  3  0  13  5  1
   12  25  2  21  3  1  9  11  18  14  23  16  10  13  17  5  6  24  19  8  7  22  0  20  4  15
   13  0  23  4  22  24  16  14  7  11  2  9  15  12  8  20  19  1  6  17  18  3  25  5  21  10
   13  6  17  8  18  23  11  5  2  15  7  3  1  0  14  21  10  19  9  4  16  22  25  12  20  24
   13  12  8  11  19  7  1  10  3  18  16  6  23  0  14  9  20  2  4  17  24  15  21  5  25  22
   13  17  10  4  12  22  20  0  2  23  8  3  15  1  25  14  19  9  18  5  11  24  16  7  6  21
   13  18  25  12  14  7  10  5  24  16  6  19  3  0  4  21  9  20  1  11  17  15  23  22  8  2
   13  22  12  18  6  0  10  21  1  14  11  23  24  8  16  5  3  25  4  9  2  17  20  19  15  7
   14  21  9  5  25  6  16  18  1  22  12  15  0  4  20  2  17  10  23  24  19  3  11  8  13  7
   14  24  0  8  4  1  13  2  9  15  16  25  19  7  11  6  17  22  12  10  3  21  5  18  20  23
   15  4  20  0  22  7  8  19  24  6  5  17  13  10  16  23  14  18  11  9  1  3  21  2  25  12
   16  11  12  22  5  1  20  10  8  2  6  3  18  7  21  9  15  14  23  0  13  25  4  24  17  19
   17  12  11  1  7  22  23  3  21  14  24  9  0  2  10  6  19  13  25  4  15  18  16  20  8  5
   18  10  6  5  8  23  16  21  0  22  20  9  17  1  2  14  11  24  4  15  25  19  7  13  3  12
   18  12  17  14  22  6  1  2  15  8  23  5  21  25  10  13  3  24  7  9  19  0  20  16  4  11
   19  5  9  11  22  4  10  13  8  15  7  1  2  20  17  16  0  24  12  25  6  14  3  18  23  21
   19  17  24  4  25  13  0  23  14  15  9  21  7  18  3  6  2  8  10  20  1  5  22  12  11  16
   20  17  5  9  7  10  21  0  12  6  19  15  23  25  16  1  11  4  22  2  3  18  24  14  13  8
   21  6  7  16  24  11  5  18  9  19  14  25  1  15  3  8  23  2  0  20  22  12  4  10  17  13
   21  23  18  3  14  6  25  12  24  0  16  17  20  2  1  7  15  8  13  10  4  22  11  9  5  19
   22  5  2  4  24  15  16  20  19  6  12  7  0  13  9  25  11  14  8  18  23  3  21  10  17  1
   22  11  16  1  13  9  19  10  24  17  23  5  12  14  15  18  8  3  21  20  7  4  2  6  0  25
   22  25  5  21  15  24  17  4  2  20  9  14  0  23  6  16  18  3  10  1  7  19  11  8  12  13
   23  17  3  2  10  8  14  24  5  16  4  21  25  22  6  19  9  1  20  15  18  11  13  0  7  12
   23  20  18  5  21  3  10  12  22  17  6  11  7  19  25  16  15  9  2  13  1  4  8  0  24  14
   24  3  22  17  21  11  23  20  16  5  7  1  12  4  13  14  2  9  15  6  19  18  0  10  8  25
   24  8  15  4  22  2  7  17  11  14  0  16  12  25  18  13  19  6  5  9  10  1  21  23  20  3
   24  20  12  25  22  16  4  9  19  10  21  14  0  1  3  7  15  2  5  11  23  18  8  17  6  13
   25  0  6  2  4  7  20  21  3  8  18  15  14  12  5  23  17  24  10  19  9  13  1  16  11  22
   25  8  10  0  18  19  6  15  9  2  14  13  4  12  1  7  5  16  20  23  11  21  17  22  3  24
