   24  200
   0  2  17  18  23  10  3  12  1  15  22  5  21  6  14  11  9  19  13  8  7  20  16  4
   0  3  20  7  5  12  18  4  15  14  22  23  11  1  13  17  6  8  21  16  9  19  10  2
   0  4  23  15  11  5  7  2  1  10  3  17  20  8  19  9  6  14  21  12  13  18  16  22
   0  8  1  6  23  11  13  20  19  16  5  15  7  18  14  9  22  2  3  17  21  12  10  4
   0  8  7  10  1  5  16  6  13  15  9  4  19  20  17  3  22  11  21  14  12  18  23  2
   0  11  15  21  17  7  8  6  20  12  9  19  14  2  4  23  22  1  18  5  13  16  10  3
   0  13  23  1  7  4  16  3  17  20  22  12  5  14  9  8  19  15  6  21  2  18  10  11
   0  17  13  23  14  19  7  5  6  10  22  1  9  20  12  2  21  4  18  11  8  3  16  15
   1  7  5  10  11  2  9  17  14  4  15  3  6  20  13  22  21  16  18  12  8  0  19  23
   1  15  19  12  7  10  20  0  11  17  3  21  23  22  5  6  4  9  18  2  14  8  16  13
   2  10  19  9  16  21  8  6  17  13  1  11  23  22  14  15  4  18  12  5  7  20  3  0
   2  13  8  23  11  15  5  14  0  7  1  19  12  10  9  6  16  21  3  4  17  20  22  18
   2  23  18  12  14  21  11  22  3  17  20  19  4  9  15  13  6  16  5  1  10  7  8  0
   3  2  15  12  21  14  10  4  6  23  9  20  7  19  22  13  5  0  16  1  11  17  18  8
   3  10  16  13  5  18  1  22  23  4  2  14  19  9  12  20  6  8  7  17  21  15  11  0
   3  14  10  20  13  11  6  23  22  19  1  16  2  21  0  8  17  7  12  15  4  5  18  9
   3  21  8  10  16  7  2  18  11  19  4  17  0  1  13  20  23  22  14  12  6  15  5  9
   3  22  17  21  11  23  20  16  5  7  1  12  4  13  14  2  9  15  6  19  18  0  10  8
   4  3  9  19  21  17  15  0  11  14  22  1  23  10  2  20  8  5  12  13  7  16  6  18
   4  7  9  20  19  14  8  22  12  17  5  1  21  2  11  23  10  3  16  0  18  15  6  13
   4  9  15  2  13  22  21  5  8  1  23  3  18  12  0  17  14  16  20  10  6  7  19  11
   4  10  12  21  17  3  2  22  9  14  18  7  15  5  16  19  20  13  11  23  6  1  8  0
   4  12  10  6  23  13  1  22  17  21  7  9  15  0  18  2  5  14  3  19  20  11  16  8
   4  13  7  8  21  17  5  15  22  1  18  23  0  20  12  11  2  10  3  14  16  19  9  6
   4  14  15  6  10  9  1  13  22  19  21  2  23  7  0  20  16  5  3  17  12  18  8  11
   4  16  20  7  8  13  19  9  11  14  6  21  5  22  15  1  12  3  10  23  18  17  2  0
   4  19  14  16  8  21  7  23  2  11  15  3  13  10  0  22  9  5  12  20  1  6  18  17
   5  1  3  6  19  20  2  7  17  14  13  11  4  22  16  23  9  18  8  12  0  15  10  21
   5  2  11  14  16  12  13  23  9  7  18  1  17  8  3  22  21  15  0  4  19  6  20  10
   5  12  22  9  4  23  2  14  10  15  0  21  18  17  20  6  19  11  13  3  1  7  8  16
   5  14  3  21  13  15  0  19  1  9  20  4  16  12  2  18  22  23  6  11  17  10  8  7
   5  14  8  18  20  3  4  16  15  12  17  7  23  0  21  10  2  19  1  9  22  6  13  11
   5  17  7  16  10  11  18  15  3  21  13  0  22  1  9  12  23  8  6  2  4  14  20  19
   5  19  3  15  11  21  13  2  22  20  6  10  7  1  0  23  16  17  4  12  14  9  18  8
   6  4  22  23  16  7  15  11  0  13  17  3  20  8  18  21  5  2  1  10  12  19  9  14
   6  5  17  22  3  11  18  14  1  23  13  10  20  8  12  21  0  16  2  15  7  9  4  19
   6  7  20  13  16  8  3  11  18  22  19  10  4  2  14  1  0  5  23  12  21  9  15  17
   6  8  14  2  11  0  18  23  22  9  21  19  13  4  1  5  12  20  15  7  10  3  16  17
   6  9  16  14  7  11  0  17  2  21  20  15  23  13  5  1  22  10  12  18  4  19  3  8
   6  9  19  16  14  3  10  2  11  12  20  0  23  18  1  22  15  5  17  21  8  7  13  4
   6  15  8  22  20  14  0  4  23  1  17  5  18  13  3  11  2  7  19  21  10  9  16  12
   6  21  14  9  13  18  19  7  3  5  4  23  20  0  12  15  2  11  22  8  16  10  1  17
   6  21  15  16  12  2  13  4  20  17  5  0  10  8  14  23  7  19  18  22  9  1  3  11
   6  22  13  7  15  1  12  21  8  11  23  3  0  19  18  20  16  4  5  10  14  9  2  17
   7  0  19  10  16  14  15  4  21  17  5  8  3  23  20  1  22  9  18  2  6  11  13  12
   7  6  22  8  14  16  12  19  2  5  9  4  15  20  0  21  18  3  1  13  23  17  10  11
   7  8  10  17  11  6  23  22  18  2  12  16  4  20  9  1  19  0  15  13  21  3  14  5
   7  8  13  3  9  22  16  11  19  1  4  18  5  2  23  15  17  6  21  20  0  12  10  14
   7  11  14  1  0  17  22  20  16  2  13  8  18  19  9  6  21  5  23  3  15  4  10  12
   7  12  18  13  20  10  9  17  1  3  19  23  6  2  5  15  0  21  14  11  22  4  16  8
   7  14  2  11  5  21  18  20  19  10  0  4  23  6  12  22  3  1  15  8  13  16  17  9
   7  15  5  19  1  22  23  3  10  2  12  18  9  13  16  4  6  21  17  0  11  8  20  14
   7  15  10  14  2  9  11  23  0  17  18  4  22  20  5  8  1  16  21  13  19  6  3  12
   7  15  16  22  20  10  12  4  17  3  6  5  2  23  8  13  9  21  0  19  14  1  11  18
   8  3  19  4  18  12  10  22  1  5  13  23  15  20  21  2  17  0  11  7  14  16  9  6
   8  4  22  15  6  5  14  20  21  9  17  19  0  11  3  10  7  23  13  16  1  18  2  12
   8  7  20  15  12  5  19  2  21  11  3  14  22  1  13  17  18  16  4  9  0  10  6  23
   8  10  0  18  19  6  15  9  2  14  13  4  12  1  7  5  16  20  23  11  21  17  22  3
   8  15  18  14  22  1  6  7  20  3  17  4  19  12  2  0  11  13  23  5  21  16  10  9
   8  16  4  22  11  14  21  0  15  5  2  6  23  19  3  1  17  9  10  20  13  18  12  7
   8  16  11  20  19  3  14  5  2  18  0  15  9  7  21  17  22  1  13  23  6  10  12  4
   8  17  1  5  13  19  20  6  23  0  18  15  10  21  14  4  16  3  2  22  11  7  9  12
   8  18  9  14  12  4  17  16  23  0  1  7  10  6  20  22  2  13  21  11  15  3  19  5
   8  18  17  11  1  16  0  5  13  22  19  7  20  9  23  6  4  10  14  21  12  15  2  3
   8  19  13  6  5  10  1  16  11  14  4  23  20  12  22  0  21  7  3  15  17  18  2  9
   9  2  18  17  15  3  7  21  0  22  12  20  23  4  14  11  16  1  10  5  6  13  19  8
   9  3  15  12  23  6  2  17  19  7  10  14  5  11  21  13  20  0  1  22  4  18  8  16
   9  5  15  6  12  14  22  23  20  13  1  0  17  4  19  11  18  2  7  16  10  8  21  3
   9  10  16  21  5  23  13  11  0  2  12  19  4  17  3  20  7  6  1  22  14  18  15  8
   9  13  11  23  3  2  17  6  8  0  21  18  5  19  22  4  12  7  1  14  20  10  15  16
   9  14  4  11  13  22  21  18  2  5  15  3  20  6  10  23  12  8  16  7  0  1  19  17
   9  14  20  12  23  16  3  2  15  22  4  0  10  19  7  21  6  8  11  1  5  17  18  13
   9  17  12  5  23  6  20  10  1  18  19  0  3  16  22  21  7  4  2  14  8  13  15  11
   9  17  16  13  8  15  1  3  22  12  6  23  4  0  10  19  20  18  21  5  11  2  14  7
   9  18  5  4  15  12  7  17  8  0  21  2  16  1  19  22  23  6  11  13  20  10  14  3
   10  1  7  15  13  14  23  16  4  20  2  6  9  19  21  8  3  0  18  17  11  22  5  12
   10  5  6  18  22  12  15  17  2  16  4  13  23  19  1  8  21  20  7  0  11  3  9  14
   10  5  7  18  17  23  2  12  21  4  8  0  14  1  22  15  16  13  20  6  19  9  3  11
   10  7  15  9  21  5  14  19  17  18  1  0  2  20  6  12  23  3  13  16  11  4  8  22
   10  17  2  16  11  4  13  0  19  23  9  3  14  20  1  18  21  22  6  8  7  5  15  12
   10  17  8  5  23  7  20  13  0  12  21  2  22  18  6  11  1  15  9  4  3  14  16  19
   10  20  6  19  4  0  15  21  22  3  8  17  1  18  7  9  23  13  12  16  14  11  2  5
   11  3  1  9  22  18  19  7  23  14  8  10  0  5  17  20  4  13  2  12  16  15  21  6
   11  3  9  19  6  20  13  16  15  22  1  14  0  8  4  21  12  2  23  17  18  7  5  10
   11  7  14  13  2  4  16  21  12  20  10  5  18  6  22  0  19  23  9  3  1  15  8  17
   11  8  4  13  21  10  5  20  7  19  1  14  15  17  22  3  2  23  6  0  18  16  9  12
   11  8  18  12  17  3  5  16  20  0  7  23  2  21  19  22  13  1  9  10  6  15  14  4
   11  8  18  16  15  17  1  2  5  22  3  9  20  14  0  4  23  10  19  12  7  21  6  13
   11  10  12  17  21  5  14  1  22  3  0  20  15  18  6  2  19  8  9  7  13  4  23  16
   11  10  17  23  13  1  3  18  21  0  20  15  4  9  5  2  19  12  16  14  8  22  6  7
   11  10  18  2  21  6  15  19  8  9  14  5  12  22  20  17  3  16  4  7  1  23  13  0
   11  13  6  22  9  1  19  2  10  21  0  23  7  17  12  15  16  4  3  20  18  8  14  5
   11  13  19  8  20  0  18  2  17  14  4  5  15  10  21  7  3  1  6  23  22  9  12  16
   11  14  7  5  23  17  0  21  20  1  6  8  9  22  4  16  3  18  13  2  10  19  15  12
   11  14  16  12  1  21  20  7  19  9  2  13  8  5  23  0  17  3  4  10  18  22  6  15
   11  15  13  8  14  2  4  7  21  22  16  3  0  19  18  1  10  20  6  23  5  12  17  9
   11  18  1  12  6  5  23  20  15  2  4  14  17  21  3  19  7  0  9  10  8  16  22  13
   11  19  7  6  10  20  16  14  17  0  12  18  3  23  1  8  5  21  22  13  2  15  9  4
   11  20  17  4  10  2  7  22  15  18  3  1  19  5  6  23  0  12  14  21  9  13  8  16
   11  21  5  22  7  10  0  16  13  20  12  23  4  6  14  2  3  9  18  17  8  1  19  15
   12  2  18  1  16  13  23  7  10  3  11  0  19  17  9  21  20  14  5  6  15  22  4  8
   12  3  6  19  13  21  16  1  8  5  20  22  4  18  17  0  23  11  9  2  14  10  15  7
   12  4  16  17  13  3  7  9  6  23  11  5  20  0  22  15  18  2  1  10  21  8  14  19
   12  5  22  11  17  18  0  3  8  21  19  9  6  2  20  4  16  23  14  13  15  7  1  10
   12  8  10  15  9  21  19  16  2  1  7  20  23  4  5  22  13  3  17  0  18  11  6  14
   12  9  7  11  22  2  3  16  4  14  21  10  15  18  0  23  6  20  19  13  5  1  17  8
   12  9  16  18  0  6  23  2  3  22  17  15  14  1  19  7  20  5  10  21  13  4  8  11
   12  10  4  15  3  23  5  21  6  9  19  18  8  13  2  16  20  22  17  0  1  14  11  7
   12  10  17  1  14  22  4  21  13  2  23  0  16  6  11  8  7  19  20  3  5  15  9  18
   12  13  5  21  2  17  8  4  15  14  9  18  11  1  3  6  20  7  19  16  22  0  10  23
   12  13  6  0  10  22  20  5  2  23  3  8  19  14  18  21  4  11  7  9  15  1  17  16
   12  13  11  6  2  18  9  22  1  20  23  3  8  5  17  21  4  15  14  16  10  19  0  7
   12  15  5  7  8  6  22  21  18  1  20  14  3  9  23  19  0  13  4  11  16  2  17  10
   12  15  5  11  6  20  18  7  3  23  16  0  21  2  4  1  10  22  14  13  17  8  9  19
   12  15  19  10  2  13  18  3  16  4  22  9  8  6  1  20  21  0  17  23  5  7  14  11
   12  16  9  10  21  19  7  2  11  3  13  18  5  17  1  23  4  0  14  20  22  8  15  6
   12  20  14  4  17  3  10  7  8  1  22  9  23  15  19  2  11  21  0  6  5  16  18  13
   12  20  22  14  1  5  4  16  0  9  15  13  23  18  6  3  19  10  21  11  7  8  2  17
   13  3  17  4  19  23  8  2  1  20  15  6  22  5  16  14  0  10  11  7  9  12  21  18
   13  6  15  18  0  16  3  10  23  11  2  21  1  5  17  12  22  8  14  19  20  9  7  4
   13  6  21  7  12  19  10  23  4  0  14  20  9  3  22  5  2  1  17  15  16  18  8  11
   13  16  8  14  2  18  9  4  6  5  22  23  21  3  17  11  0  20  10  7  12  19  15  1
   13  18  16  5  6  0  21  11  2  19  15  23  9  22  1  8  7  10  3  17  4  14  20  12
   13  18  17  5  1  11  8  6  21  7  19  10  0  4  22  15  2  3  16  23  12  20  14  9
   13  22  16  8  10  9  0  7  19  3  21  17  14  4  2  15  20  23  5  6  12  1  18  11
   14  5  18  19  8  11  16  6  15  23  2  21  7  22  4  1  0  17  12  10  3  13  9  20
   14  6  7  10  15  8  22  20  1  11  17  0  19  23  13  4  3  5  2  18  12  21  9  16
   14  6  11  18  0  17  3  13  22  5  4  23  20  7  1  2  16  19  21  9  15  10  8  12
   14  9  3  11  0  7  20  21  8  1  19  23  13  4  16  2  17  15  12  22  18  6  5  10
   14  9  19  12  10  1  2  5  21  18  8  20  3  17  13  0  11  15  7  16  23  22  4  6
   14  10  12  0  20  21  6  17  15  23  2  5  18  4  1  19  11  16  22  9  3  13  8  7
   14  13  7  2  18  0  10  12  23  21  11  4  19  6  20  3  16  17  22  1  9  5  8  15
   14  18  8  17  11  9  1  0  3  10  22  23  6  19  4  12  5  21  16  7  13  15  2  20
   14  20  8  11  0  17  21  6  4  16  13  9  18  12  2  10  3  23  22  1  19  5  15  7
   14  21  5  6  8  20  16  2  23  1  11  3  0  19  9  12  7  22  13  18  17  10  4  15
   15  4  10  17  18  13  22  7  12  9  19  0  3  11  1  23  2  16  20  8  6  5  21  14
   15  5  6  12  22  7  23  18  10  1  4  16  3  14  0  17  19  13  9  2  11  8  21  20
   15  5  14  9  11  19  6  7  0  23  22  16  13  17  3  1  21  10  2  12  8  20  4  18
   15  6  22  18  10  4  3  17  0  23  5  8  13  2  9  19  7  20  21  1  12  16  14  11
   15  7  12  3  4  20  9  18  21  5  23  8  14  16  2  6  1  22  10  0  17  13  11  19
   15  7  19  1  12  9  2  23  8  18  21  17  0  4  20  22  6  14  13  3  10  5  11  16
   15  8  5  9  1  22  17  16  3  20  6  19  4  11  21  23  12  10  0  18  2  7  13  14
   15  13  23  5  4  17  8  14  21  9  10  19  11  22  16  18  7  3  0  12  2  6  1  20
   15  16  3  8  11  18  4  21  2  12  20  9  1  22  10  6  5  7  19  14  23  13  17  0
   15  19  1  8  17  18  9  3  2  14  6  4  23  12  20  13  16  0  10  7  22  5  21  11
   15  20  4  19  5  11  13  1  22  18  10  0  8  3  2  21  6  23  12  16  9  7  14  17
   16  8  7  1  3  13  11  19  6  20  17  18  21  0  15  10  14  2  23  4  9  22  12  5
   16  8  13  9  21  14  12  0  23  6  5  19  1  3  18  15  22  7  2  10  4  17  20  11
   16  8  18  4  22  1  0  20  13  21  11  5  14  10  7  19  17  2  6  23  12  15  3  9
   16  9  21  12  18  2  5  3  4  13  23  19  0  17  11  1  20  22  8  15  10  7  6  14
   16  11  5  10  3  13  14  6  22  20  4  0  17  21  18  8  23  2  9  12  1  19  7  15
   16  12  9  22  23  6  1  3  7  21  10  15  5  4  14  17  2  18  0  20  8  19  13  11
   16  15  10  20  14  1  7  12  4  22  19  5  18  21  0  8  6  17  2  3  23  11  13  9
   16  15  13  6  12  17  0  1  5  21  11  7  19  3  14  22  4  23  8  10  2  20  9  18
   16  17  1  15  9  7  11  4  21  18  14  19  8  3  23  2  5  20  22  10  0  6  13  12
   16  23  4  13  7  9  8  19  2  6  18  15  20  0  3  22  1  14  5  21  17  12  10  11
   17  1  10  16  8  22  11  2  15  12  0  20  23  4  5  3  7  19  18  13  9  14  21  6
   17  2  8  7  11  21  10  19  3  6  18  23  13  15  9  0  16  4  5  1  14  22  20  12
   17  2  9  14  10  5  4  16  20  18  19  0  3  23  11  8  21  12  1  15  7  13  22  6
   17  8  15  1  3  9  23  19  0  22  6  18  5  10  20  12  21  16  4  2  13  14  7  11
   17  14  4  7  9  20  13  21  12  11  3  23  0  5  22  1  8  18  6  2  15  16  10  19
   17  14  7  9  16  12  23  6  21  2  3  8  0  10  18  22  1  13  11  5  19  4  20  15
   17  15  9  21  12  23  5  0  1  14  2  4  10  19  22  18  11  3  8  16  13  20  7  6
   17  16  3  10  7  15  20  12  5  1  4  13  19  21  9  22  23  18  0  11  2  14  8  6
   17  18  6  1  20  12  5  9  22  0  10  13  3  15  11  2  23  7  21  8  16  14  19  4
   17  19  1  0  7  16  8  12  23  10  6  20  3  15  5  2  18  21  22  13  11  4  14  9
   18  4  20  8  12  2  10  21  1  3  17  13  16  22  23  0  7  6  19  11  9  14  5  15
   18  6  16  7  13  12  5  8  20  2  10  23  1  22  14  11  0  15  17  21  19  9  3  4
   18  9  15  5  3  20  19  7  8  11  6  16  0  23  2  13  21  4  22  14  1  17  10  12
   18  9  20  2  10  8  23  4  22  14  3  19  7  11  21  5  1  0  17  12  6  13  15  16
   18  11  1  14  19  0  21  9  13  8  23  2  5  6  3  17  4  12  10  20  22  16  15  7
   18  21  12  9  7  11  10  0  14  16  5  22  6  15  20  1  2  8  23  19  4  17  3  13
   18  22  20  17  4  3  21  16  6  9  10  12  19  1  7  0  14  5  15  11  23  8  13  2
   19  4  9  7  15  2  16  0  21  12  8  20  10  13  23  1  14  18  11  3  22  17  5  6
   19  7  3  16  15  10  4  14  12  9  17  2  18  1  8  22  11  20  13  0  5  6  21  23
   19  9  8  17  13  14  22  10  1  4  2  21  0  16  23  3  7  18  20  6  11  5  15  12
   19  10  16  15  2  6  18  8  1  22  5  0  23  3  11  12  21  13  20  9  7  4  14  17
   19  11  13  17  0  10  22  1  6  2  16  14  8  23  5  21  18  9  20  4  3  12  7  15
   19  13  11  2  6  20  21  1  14  9  5  16  8  18  7  4  3  10  12  0  17  22  15  23
   19  14  8  21  10  1  2  18  15  22  0  20  5  11  23  6  9  7  3  13  17  16  4  12
   19  16  14  3  4  9  15  1  11  6  18  22  2  21  12  0  13  20  7  23  5  8  17  10
   19  20  14  4  2  6  8  23  12  9  1  22  0  13  21  3  15  18  11  10  16  7  17  5
   20  1  6  2  12  0  3  7  18  16  22  11  19  10  9  21  14  8  17  4  5  23  13  15
   20  2  15  13  7  16  21  5  12  4  19  6  23  22  10  3  0  1  9  11  17  8  18  14
   20  9  13  3  10  12  17  0  1  4  22  7  21  2  23  15  6  16  11  8  19  18  5  14
   20  13  7  10  18  5  22  1  0  19  21  9  4  14  11  3  17  15  16  6  2  8  12  23
   20  21  8  11  2  9  13  19  17  0  14  3  16  4  1  10  18  23  7  22  12  6  5  15
   21  0  5  11  9  2  12  1  20  6  3  4  19  14  8  10  17  7  18  22  13  16  15  23
   21  10  15  0  12  8  18  9  23  16  22  4  11  13  14  17  7  2  20  19  6  3  1  5
   21  13  4  14  7  2  15  17  6  10  22  12  0  1  9  8  19  5  11  18  16  3  20  23
   22  8  4  11  16  13  3  23  12  6  20  2  0  1  18  17  19  14  5  21  9  15  7  10
   22  16  18  13  12  21  14  6  9  19  8  20  17  3  10  1  2  7  5  11  15  23  4  0
   23  6  10  0  9  4  16  18  17  13  1  22  14  3  11  21  2  19  5  12  15  20  7  8
   23  10  0  22  16  19  7  20  6  3  1  11  18  9  14  15  4  8  17  2  21  5  13  12
   23  12  8  2  6  16  15  17  3  11  14  4  9  21  19  0  1  22  5  18  10  7  13  20
   23  15  16  13  22  18  7  17  10  8  14  19  4  3  6  20  1  12  2  9  11  5  0  21
   23  15  22  17  0  12  10  3  4  7  18  8  16  5  9  14  1  21  20  6  2  11  13  19
   23  19  0  8  12  18  16  21  22  13  20  6  3  15  4  14  17  9  2  11  10  5  7  1
   23  20  3  16  18  11  5  19  8  9  1  0  12  22  10  6  17  15  2  7  14  4  13  21
   23  21  6  5  0  13  20  11  22  8  1  18  2  17  9  12  14  4  10  15  16  3  7  19
